Statutnn 1111111111111111111 1111111.

1. 1111 1111111111111111 veroin in 8111111111 11 111111111111111111111111111111 111111-
11111111111 und 11111111111111111 1111111111111 1111111111 1111111 11111111111111111111,11111111·
1111111111 1111111 111111 1111111111111 1111111 1111111111 1111 11111111 vnn 11111111111111, hat
den 111111, 1111 1111111111 von 1111 111111111111111111111111111 1111111111 1111111111 1111111·
111111111111111, 111 11 111111111111111111111, 111 en 11111111 1111111 1111111111, 111111

11111111 1111 111111 1111111111111111 111111111111111111· 111111 11111· 1111111 111111111111· werke 11
1111111111. 1111 11111 11111111, 1111111111 1111111111111111 11111 11111111111111111111111111111111
1111111111 11111 111 1111111111111111 1111111111 1111111111, 11111 111111111111 1111111111
11111111111111111 11111· 1111111111 1111111111.

2. Der 111111111 111 den 11111111 1111111 11111111 111111111111111111111111 111111111111111111111
11111111 1111111111 1111111111 1111111111111111.

1. 111111 1111111111 11111 111 1111111111 ,111111111111111111111111111111 1111111111 111 1111111111
1111111111111111 111111 111111111111111111111111111111· 1111· 1111 111111· 1111111111111111 111111 veroin
1111111111111111111 werke. 1111111111 1111111111111111111111 1111111111111111111111111111111. 8111111
11 111111111111111 11111111111111111111111 1111111111111, 11 1111111 11111111111111 11111111111111
11111 1111111111· 111111. 111 1111111111 111111 11111111 1111 1111111111111111111111111111111111111111.

4. 11111111· 1111111 11111 1111111 1111111111, 111111 1111111111111111111111111111111 111111 11111111
von (11111 111111 11111111 111111111111111111· 1111111111111111 11111111111111111111. 111 1111111 11· 11111.

11. 111111111111111111111111111111111111111111111111. 8111111111111111111111 1111111111 1111
(11111111111111111111111111111111· 1111 1111111111111111111111111111 1111111111. 111 1111· 11111111
111111111111111 1111111.

1. 1111· 111111111 111 11111111111111 int 11111 11111111111111111 1111111111. 1111111 1111
11111111 1111111111· 1111111 111111111111 11111111 1111111111111111111111, 11 kann 1111111111111111
1111 111111 1111111111 111111111111 111111 111 111111111111 1111 1111111111111111111111111111111111.

1. 1111 1111111111 1111· 1111111111 111111 je 1111 11111111 1111111 1111111111111111111111-
111111. 1111111111111111111111 1111111 11111111 1 1111111111, 1111111111111111ο111111111, 111111
(111 1111111 durch 111111111111111 gentiunt-ln 1111111.

11. 1111111111111111 111 1111111111111111111 1111· 11111111 11111111111111111111111111111111·
fiir 11111 1111111111,111111111111111111111111111.

11. 11111111111111111111111111111111111111 1111· 11111111· nine 1111111111.

10. 1111111111111111 1111· 1111111111111111111 1111111 1111 111111111111111 111111111111111111111
1111 1111111 1111111111, und 11111· 111111111111111111,1111111111111111111111111111111111111111,
111111 1111111111 11111111111111 vorans 111111 111111111111111111111111111111 111. 1111111111111
111111111111· 1111111111 1111111111. 111111 11111111· 1111 1111 111 1111111111111, 111 1111111111
sie din 11111111111111111111 1111111111 1111111111.

11. 1111 1111111111111· 11111111 1111111111. von 111111111111111111 1111111 1111111111 111111 11111
1111· 1111111111111 1111 1111111111 111111111111111 11111111111111 1111111111111. Unknsten,
1111111 111111 11111 1111111 1111111111111 vnn-innan, 1111111111 1111111111111111111111111111111-
1111111111.

11. 1111111111111111 11111 11111111111111111 11111111 1111111111 1111111 111 11111 1111111111111111111·-
1111111. 1111111111 1111· 11111111111111111 1111111111 11111111 11111 1111111 1111· 111111 11111111111111111·.

11. 11111111111111111111111111111 11111111 ,11111-111111111111 1111· 1111111111111111111111111111-
11111111. 11111111111111111111111, 111111111111111111111111111 vnn 20 mark 1111 111111111111111,
1111111111111 1111111· 111111 11111111 1111111111, 11111 1111111 1111111 11111111111111 111111 11111·-
11111 1111111111 1111111111 1111111111 11111111 1111111111.

1-1. Eine 11111111111111111111111111111111111111111111. 1111 111111111111111111111 1111111111,
11111· 11111· 111111 nirektnfrnnkinrtn 1111111111111111111111 1111 1111111111,

- 11. 1111111111111111 11111 11111111111111111 1111111111 1111111111 vnn 11111111111111111111111 111111
11111111111111111·11111111. 1111· 11111111· 1111 11111111111111111111 ϋ11“1·111111·11 1111111111 111,

11. 1111111111111111 111111 111111 11111111111111 1111111111 111111111111111111. 111111111111111
11111111 111111 1111111111 1111 1111111111 1111 11111111.

11. 1111111· 1111 1111111 11111111111111111111,1111111 Ι111111111111 1111111111 11111111111111111111111111
1111111111,

13, 111111111111111 11111111111111111· 111111111111111111 1111111111 1111111111111111111-
nlenten 111 11111111.

19. Pher 1111 wahl 11111111111111111111111111 1111111111 11111111111111 11111111111111111111111
1111111111 1111 1111111111 von 11 111111111111111111111.

1ο. 1111111111111111 11111111111111 11111 11111111.

11. 1111111 1111111111, (1111111111 111111111111111111111 will, 11111 1111111111111111111
111· 111111 1 11111111 1111111111111111111 1111111111 nn 11111 1111111111111111111111111.

 

